Lat Lon emi_CO[kg/m2/s]
43.75 2.75 9.409771573043457e-11
43.75 2.85 2.6141455319872442e-11
43.75 2.95 5.15650230847875e-11
43.75 3.05 1.2883413086361983e-11
43.85 2.65 9.820819851791285e-11
43.85 2.75 1.1996668936031796e-10
43.85 2.85 9.642286968869485e-11
43.85 2.95 5.850721296329908e-11
43.85 3.05 6.308365635421254e-11
43.85 3.15 5.426661550678169e-11
43.95 2.55 9.098088948888972e-11
43.95 2.65 5.0246529159636566e-11
43.95 2.75 6.521825440808371e-11
43.95 2.85 2.1435664354640949e-10
43.95 2.95 1.2801354420943767e-10
43.95 3.05 2.930885395491245e-11
43.95 3.15 1.0729289678934606e-10
43.95 3.25 1.9304793874574955e-10
43.95 3.35 4.204380940620034e-11
44.05 2.45 1.181455627774497e-10
44.05 2.55 1.1686981937764074e-10
44.05 2.65 8.734517970010458e-11
44.05 2.75 8.830893655220606e-11
44.05 2.85 5.5653009978229306e-11
44.05 2.95 1.631769996901511e-10
44.05 3.05 4.6053086344421956e-10
44.05 3.15 1.9377026372335848e-10
44.05 3.25 8.016374369868018e-11
44.05 3.35 5.709457906455384e-11
44.15 2.25 8.024016173724391e-11
44.15 2.35 1.3723772118723332e-10
44.15 2.45 2.9143930324604383e-11
44.15 2.55 8.117111843786162e-11
44.15 2.65 6.620800435674923e-11
44.15 2.75 8.050999450448515e-11
44.15 2.85 7.775274868393467e-11
44.15 2.95 5.657240648160311e-11
44.15 3.05 4.948437215546164e-10
44.15 3.15 1.282023931459264e-10
44.15 3.25 6.314473249835473e-11
44.15 3.45 1.3063018722281328e-10
44.15 3.55 1.608366044514309e-11
44.15 3.85 8.824917879790561e-11
44.25 1.35 8.74082542456911e-11
44.25 1.55 2.0055433702648173e-10
44.25 2.05 9.052607274906421e-11
44.25 2.15 5.719088397304617e-11
44.25 2.25 8.366675408044699e-11
44.25 2.35 7.967618231852214e-11
44.25 2.45 1.7135519392308396e-10
44.25 2.55 1.917627862058069e-10
44.25 2.65 1.318925524351755e-10
44.25 2.75 1.3283282807030616e-10
44.25 2.85 8.521556377205641e-11
44.25 2.95 8.694121811370081e-11
44.25 3.05 2.485733840984494e-10
44.25 3.15 6.798649837547188e-11
44.25 3.25 6.435351557199098e-11
44.25 3.35 6.877809433092352e-11
44.25 3.45 1.7155658837975096e-11
44.25 3.55 1.2033032903424612e-10
44.25 3.65 5.2179587040068753e-11
44.25 3.75 5.0132637624544785e-11
44.25 3.85 1.0200545269567485e-10
44.25 3.95 1.1494898782826724e-10
44.35 1.15 6.901622329191781e-11
44.35 1.25 8.45417694184114e-11
44.35 1.35 6.809666025509031e-11
44.35 1.45 2.216251071551767e-10
44.35 1.55 1.3846494784086616e-10
44.35 1.65 6.908489058599088e-11
44.35 1.75 9.504461800924346e-11
44.35 1.85 8.55632578677934e-11
44.35 1.95 1.417987532947862e-10
44.35 2.05 2.854890213122019e-10
44.35 2.15 1.0479064838087027e-10
44.35 2.25 1.0837602343327646e-10
44.35 2.35 1.43145273412415e-10
44.35 2.45 1.295103468912373e-10
44.35 2.55 8.936775208745473e-10
44.35 2.65 1.778824726406114e-10
44.35 2.75 8.639459286863271e-11
44.35 2.85 1.4049854335507206e-10
44.35 2.95 8.906946014075601e-11
44.35 3.05 2.513984853624862e-10
44.35 3.15 2.100104951052728e-10
44.35 3.25 4.8839651073384616e-11
44.35 3.35 8.005878598948968e-11
44.35 3.45 7.044044514348258e-11
44.35 3.55 1.7162546384064115e-10
44.35 3.65 7.394056200649146e-11
44.35 3.75 4.171244252781925e-11
44.35 3.85 4.3059358162400585e-11
44.45 1.05 8.971018372605499e-11
44.45 1.15 6.226467258452217e-11
44.45 1.25 9.753780422228076e-11
44.45 1.35 1.0477715223222717e-10
44.45 1.45 5.893558974179314e-10
44.45 1.55 2.3908616753054446e-10
44.45 1.65 4.530561342752648e-11
44.45 1.75 4.310399606688442e-11
44.45 1.85 1.0584303572480636e-10
44.45 1.95 4.5612322946420036e-11
44.45 2.05 1.0385208665253387e-10
44.45 2.15 1.0326773464131023e-10
44.45 2.25 1.7547445441135068e-10
44.45 2.35 6.673920444066894e-11
44.45 2.45 2.1997302590559542e-10
44.45 2.55 1.0311152626174547e-10
44.45 2.65 1.261226123538961e-10
44.45 2.75 1.6199065699940007e-10
44.45 2.85 1.187227538501645e-10
44.45 2.95 1.5188419966172262e-10
44.45 3.05 8.33629207330766e-11
44.45 3.15 2.4234531048605845e-10
44.45 3.25 1.7945098185201402e-10
44.45 3.35 1.0139501738226642e-10
44.45 3.45 1.1362696894501312e-10
44.45 3.55 9.002078943387559e-11
44.45 3.65 9.187523138109999e-12
44.45 3.75 3.588260244491437e-11
44.45 3.85 3.5196026648698364e-11
44.45 3.95 9.022239205735971e-11
44.55 1.05 1.0656512478002256e-10
44.55 1.15 2.0840312808800832e-10
44.55 1.25 1.2252499015374951e-10
44.55 1.35 1.8037164817297224e-10
44.55 1.45 1.3757478489750952e-10
44.55 1.55 2.421347566894383e-10
44.55 1.65 4.3522997705824906e-11
44.55 1.75 4.190292557382236e-11
44.55 1.85 6.823751980133963e-11
44.55 1.95 1.2276803185162777e-10
44.55 2.05 3.418476335337317e-10
44.55 2.15 1.2685689998459537e-10
44.55 2.25 6.552181019969794e-10
44.55 2.35 1.454328185657161e-10
44.55 2.45 7.40628114392905e-11
44.55 2.55 1.0254255777830679e-10
44.55 2.65 1.5729444136081128e-10
44.55 2.75 2.4809265752878673e-10
44.55 2.85 1.087873957583696e-10
44.55 2.95 6.011204034539475e-11
44.55 3.05 1.913651008489392e-11
44.55 3.15 8.4375787606783e-12
44.55 3.25 3.0488458979682775e-10
44.55 3.35 7.150601638583609e-11
44.55 3.45 2.0685411716847568e-10
44.55 3.55 1.651535991298303e-10
44.55 3.65 9.664224975836078e-11
44.55 3.75 1.548372367821127e-11
44.55 3.85 7.38395802835079e-12
44.55 3.95 6.178515338239876e-11
44.65 1.25 7.49051237702858e-11
44.65 1.35 3.3538428978463486e-11
44.65 1.45 8.476368218435226e-11
44.65 1.55 2.7776603239715314e-10
44.65 1.65 6.501174598660953e-11
44.65 1.75 5.897340948912699e-11
44.65 1.85 1.3201087445402493e-10
44.65 1.95 1.2405426685901944e-10
44.65 2.05 2.376545349402903e-10
44.65 2.15 1.0977190684213767e-10
44.65 2.25 1.2628798007341402e-10
44.65 2.35 6.939742530631676e-11
44.65 2.45 1.686259638866705e-11
44.65 2.55 1.4865585151735417e-10
44.65 2.65 9.871551492901531e-11
44.65 2.75 6.576428290827607e-11
44.65 2.85 1.5686600629560843e-10
44.65 2.95 5.2157445029621385e-11
44.65 3.05 8.233872611507209e-11
44.65 3.15 4.262466074544946e-11
44.65 3.25 1.9984501553604872e-10
44.65 3.35 2.4537033863070157e-11
44.65 3.45 9.305718001728636e-11
44.65 3.55 6.253364145947238e-12
44.65 3.65 7.510213978489944e-11
44.65 3.75 6.899700949469789e-11
44.65 3.85 7.981244831700707e-11
44.75 1.35 1.5154323629307243e-10
44.75 1.45 1.31376284850937e-10
44.75 1.55 1.978920083356428e-10
44.75 1.65 4.798940758665715e-11
44.75 1.75 1.667606192023996e-10
44.75 1.85 8.476069152107968e-11
44.75 1.95 9.597202893507628e-11
44.75 2.05 6.480505715389384e-11
44.75 2.15 9.011910662160005e-11
44.75 2.25 6.068125169012006e-11
44.75 2.35 2.98223598593772e-11
44.75 2.45 7.603289525759394e-11
44.75 2.55 6.740520641645986e-11
44.75 2.65 8.032854936779188e-11
44.75 2.75 8.051555255850218e-11
44.75 2.85 9.657807192864354e-11
44.75 2.95 2.9430069492519806e-11
44.75 3.05 3.904264411769276e-11
44.75 3.15 2.319157192676169e-11
44.75 3.25 3.091089884055265e-10
44.75 3.35 1.5223937388508801e-10
44.75 3.45 3.392613620589735e-11
44.75 3.55 5.41012096233473e-11
44.75 3.65 7.453294231796193e-11
44.75 3.75 6.012160908008823e-11
44.75 3.85 2.1849395903661417e-10
44.85 1.45 2.8429855691847195e-10
44.85 1.55 1.6340816200166586e-10
44.85 1.65 1.1908728170251237e-10
44.85 1.75 7.206515245661294e-11
44.85 1.85 1.8854885708297076e-10
44.85 1.95 4.812860179836953e-11
44.85 2.05 5.763162863603455e-11
44.85 2.15 1.9203881540530432e-11
44.85 2.25 1.1892689610881746e-10
44.85 2.35 1.1471671529372784e-10
44.85 2.45 1.92645982499684e-10
44.85 2.55 6.286116072118375e-11
44.85 2.65 7.850718686253089e-11
44.85 2.75 2.9406841545176476e-11
44.85 2.85 1.1347968571773226e-11
44.85 2.95 6.172080901922783e-11
44.85 3.05 8.720539568241037e-11
44.85 3.15 4.0429302267108724e-11
44.85 3.25 2.8010602171057997e-10
44.85 3.35 7.903316889823486e-11
44.85 3.45 4.294089042677918e-11
44.85 3.55 4.479734291851223e-11
44.85 3.65 6.99117916336256e-11
44.85 3.75 1.4122493452450868e-10
44.85 3.85 1.4449683116701806e-10
44.85 3.95 7.662142448294773e-11
44.95 1.45 9.258649402710262e-11
44.95 1.55 2.5197249842179303e-10
44.95 1.65 1.6777687572577804e-10
44.95 1.75 1.346826955517244e-10
44.95 1.85 2.2291769818938434e-10
44.95 1.95 2.4746166921163493e-11
44.95 2.05 3.8990533024474416e-11
44.95 2.15 8.168525578167163e-11
44.95 2.25 8.094994119467458e-11
44.95 2.35 1.301393715014143e-10
44.95 2.45 5.276254433361771e-10
44.95 2.55 1.3161022272001333e-10
44.95 2.65 1.1213446143854e-10
44.95 2.75 4.2816927087185874e-11
44.95 2.85 6.220553239177917e-11
44.95 2.95 6.693388898693087e-11
44.95 3.05 6.070614844144728e-11
44.95 3.15 1.4136831982813902e-10
44.95 3.25 1.3827937406230006e-10
44.95 3.35 5.389295953950324e-11
44.95 3.45 4.0968752695880184e-11
44.95 3.55 9.2546678653882e-11
44.95 3.65 5.660840546317658e-11
44.95 3.75 5.753976461964072e-11
44.95 3.85 1.931016457845658e-10
44.95 3.95 1.417685691063042e-10
44.95 4.05 1.2083335720891597e-10
44.95 4.15 6.290633292049819e-11
45.05 1.45 6.57506618595427e-11
45.05 1.55 2.8620217307206985e-10
45.05 1.65 1.0714795717348125e-10
45.05 1.75 9.371798476154325e-11
45.05 1.85 9.141334911255683e-11
45.05 1.95 1.9786561278323234e-10
45.05 2.05 9.312680487871816e-11
45.05 2.15 4.200843145563127e-11
45.05 2.25 1.718891001756262e-11
45.05 2.35 2.6022651047896694e-11
45.05 2.45 1.0248872583940027e-10
45.05 2.55 1.9869344017320323e-11
45.05 2.65 7.722639888685379e-11
45.05 2.75 7.811126745416175e-11
45.05 2.85 1.0962709039163965e-11
45.05 2.95 5.997382451772282e-11
45.05 3.05 1.3676398902262576e-10
45.05 3.15 2.97127877857406e-10
45.05 3.25 3.903083758971526e-11
45.05 3.35 4.2020376761486844e-11
45.05 3.45 6.257894202832404e-11
45.05 3.55 5.3772368502347234e-11
45.05 3.65 2.563742274031e-11
45.05 3.75 1.4729903408117195e-10
45.05 3.85 5.516941903316308e-10
45.05 3.95 4.003934128693487e-10
45.05 4.05 1.9745859114461695e-10
45.05 4.15 1.1980225145258316e-10
45.05 4.25 1.7214794867381755e-10
45.05 4.35 2.0584076110274907e-10
45.15 1.35 3.705891704619546e-10
45.15 1.45 7.487073738765559e-10
45.15 1.55 8.212593383127853e-10
45.15 1.65 1.2790728198819323e-10
45.15 1.75 9.993603167224308e-11
45.15 1.85 1.0494641267122518e-10
45.15 1.95 6.885798875533311e-11
45.15 2.05 6.5314489927637e-11
45.15 2.15 4.949239629237212e-11
45.15 2.25 9.1249563460849e-11
45.15 2.35 8.65121446702588e-11
45.15 2.45 1.2756964928861692e-10
45.15 2.55 4.279604795542902e-11
45.15 2.65 4.789963564677535e-11
45.15 2.75 5.496522334502707e-11
45.15 2.85 1.4190378039291573e-10
45.15 2.95 1.1701796476248916e-10
45.15 3.05 6.930219592637954e-11
45.15 3.15 2.381052299771369e-10
45.15 3.25 3.743539159217768e-11
45.15 3.35 2.467758462854075e-11
45.15 3.45 1.4633791400875396e-10
45.15 3.55 1.1211782890985234e-10
45.15 3.65 9.714180154718477e-11
45.15 3.75 1.18136514459799e-10
45.15 3.85 1.2924364356514673e-10
45.15 3.95 1.1727675774952928e-10
45.15 4.05 1.0415075052394585e-10
45.15 4.15 2.4175197954612315e-10
45.15 4.25 1.514645214806265e-10
45.15 4.35 1.252502823678725e-10
45.25 1.35 7.058662682135619e-11
45.25 1.45 2.801386067563527e-10
45.25 1.55 3.354823918666483e-10
45.25 1.65 2.026340623073608e-10
45.25 1.75 5.581385353892188e-10
45.25 1.85 8.104388687923958e-11
45.25 1.95 1.877498677360645e-11
45.25 2.05 2.4108199811467834e-11
45.25 2.15 4.426563282589058e-11
45.25 2.25 4.31391276867199e-11
45.25 2.35 2.1184343168556552e-10
45.25 2.45 6.918469269701077e-11
45.25 2.55 5.916446499387717e-11
45.25 2.65 9.826994079586981e-11
45.25 2.75 3.1080797657789816e-11
45.25 2.85 6.174417921389619e-11
45.25 2.95 5.52107942697333e-11
45.25 3.05 3.1394279537133585e-11
45.25 3.15 1.5746166870389544e-10
45.25 3.25 2.5825711014171304e-10
45.25 3.35 2.1822277318506167e-10
45.25 3.45 1.7912674121767225e-10
45.25 3.55 5.116303214425244e-11
45.25 3.65 1.8058898126893652e-11
45.25 3.75 1.0469918682032286e-10
45.25 3.85 7.09535485921009e-11
45.25 3.95 7.065847212883725e-11
45.25 4.05 1.2712379759971526e-10
45.25 4.15 2.8905569604553705e-10
45.25 4.25 1.960885620544417e-10
45.25 4.35 2.004890836682094e-10
45.25 4.45 1.0038161968317638e-10
45.25 4.55 1.839480928689241e-10
45.35 1.35 1.3509081353557661e-10
45.35 1.45 8.002461193701293e-11
45.35 1.55 3.257313585525168e-10
45.35 1.65 1.6949493197859766e-10
45.35 1.75 3.480458699023359e-10
45.35 1.85 2.980128088747591e-10
45.35 1.95 2.0983451087808191e-10
45.35 2.05 2.631963536003923e-10
45.35 2.15 2.9684022601061955e-11
45.35 2.25 8.0530151991276e-11
45.35 2.35 3.1964222935165765e-11
45.35 2.45 2.0758855745484084e-10
45.35 2.55 1.051153539211036e-10
45.35 2.65 6.52471826567691e-11
45.35 2.75 9.330120703809897e-11
45.35 2.85 7.094851095512666e-11
45.35 2.95 5.391804364096586e-11
45.35 3.05 6.892433151994837e-11
45.35 3.15 8.535904622020141e-11
45.35 3.25 3.3474281679879425e-10
45.35 3.35 2.406625176920585e-10
45.35 3.45 7.649116756658358e-11
45.35 3.55 6.370121097276638e-11
45.35 3.65 1.0970741676219475e-10
45.35 3.75 1.0580330361831258e-10
45.35 3.85 1.2232814761148347e-10
45.35 3.95 9.127170547129637e-11
45.35 4.05 6.213267400578815e-11
45.35 4.15 1.9758472635800217e-10
45.35 4.25 6.549182307580281e-10
45.35 4.35 4.8646214834136e-10
45.35 4.45 2.688391176342009e-10
45.35 4.55 1.644375607900983e-10
45.35 4.65 2.1439612585272272e-10
45.45 1.25 8.860039091285188e-11
45.45 1.35 9.737970846357413e-11
45.45 1.45 6.417210512976723e-11
45.45 1.55 3.322939423622273e-10
45.45 1.65 4.9282470465650263e-11
45.45 1.75 1.1084600598509908e-10
45.45 1.85 4.680883805563418e-11
45.45 1.95 4.354227048364301e-11
45.45 2.05 2.975428792240109e-10
45.45 2.15 1.9846824184099887e-10
45.45 2.25 4.5475272852923965e-11
45.45 2.35 7.076758623547619e-11
45.45 2.45 7.100783849800507e-11
45.45 2.55 1.1420337592271679e-10
45.45 2.65 2.5132245243253415e-11
45.45 2.75 6.334783392292209e-11
45.45 2.85 6.262152602021231e-11
45.45 2.95 8.574869286848141e-11
45.45 3.05 7.923556255562403e-11
45.45 3.15 1.0956416329754859e-10
45.45 3.25 3.920531399526084e-10
45.45 3.35 1.693514911638161e-10
45.45 3.45 7.725774880951164e-11
45.45 3.55 7.29812876798519e-11
45.45 3.65 6.63908650277989e-11
45.45 3.75 1.7999253476563837e-10
45.45 3.85 6.960750725815146e-11
45.45 3.95 3.809071461025049e-11
45.45 4.05 1.7349999215099388e-10
45.45 4.15 1.665586835120081e-10
45.45 4.25 3.7136710373530946e-10
45.45 4.35 1.3801646492339614e-09
45.45 4.45 1.1522185427992326e-09
45.45 4.55 5.865962715567719e-10
45.45 4.65 1.8600876394714305e-10
45.45 4.75 3.913057378124307e-10
45.55 1.15 1.5279968956782852e-10
45.55 1.25 2.29072066870728e-10
45.55 1.35 1.1574603775432735e-10
45.55 1.45 1.646726782711383e-10
45.55 1.55 1.2081842470923476e-10
45.55 1.65 3.703648498998291e-11
45.55 1.75 9.306089232552495e-11
45.55 1.85 7.206456958952501e-11
45.55 1.95 5.652408055500935e-11
45.55 2.05 4.2525521298797386e-11
45.55 2.15 1.7461668222473747e-10
45.55 2.25 2.7076008102255855e-10
45.55 2.35 2.9318009131529266e-10
45.55 2.45 9.112517684872756e-11
45.55 2.55 3.121639752245997e-11
45.55 2.65 1.4697866534962856e-10
45.55 2.75 2.3962712369929307e-10
45.55 2.85 2.3593582643144373e-10
45.55 2.95 2.5899057898293165e-10
45.55 3.05 1.5749507253914885e-10
45.55 3.15 2.2763670115555357e-10
45.55 3.25 6.282506181953806e-10
45.55 3.35 1.5006411391293994e-10
45.55 3.45 4.311207640883552e-11
45.55 3.55 5.535129299349961e-11
45.55 3.65 9.804335121543772e-11
45.55 3.75 2.4636706563718747e-10
45.55 3.85 7.10762559918976e-11
45.55 3.95 1.2195479348608984e-10
45.55 4.05 3.6839989392412065e-10
45.55 4.15 2.4743243565161777e-10
45.55 4.25 6.62257193528859e-10
45.55 4.35 3.961067029933929e-10
45.55 4.45 2.277839861175579e-10
45.55 4.55 4.4024370260409285e-10
45.55 4.65 5.381811662985569e-10
45.55 4.75 5.564025906679149e-10
45.55 4.85 2.6002340280939507e-09
45.65 0.85 4.187066318661614e-11
45.65 0.95 1.4907372558603527e-10
45.65 1.05 1.3103278184711797e-10
45.65 1.15 1.7277788921798987e-10
45.65 1.25 1.2080618450038827e-10
45.65 1.35 2.42903169800357e-10
45.65 1.45 2.2455984294289522e-10
45.65 1.55 1.078491809747284e-10
45.65 1.65 3.342136636885762e-11
45.65 1.75 5.523237422977445e-11
45.65 1.85 7.947373314998174e-11
45.65 1.95 3.853097008121864e-11
45.65 2.05 3.950527058260711e-11
45.65 2.15 3.327417508192099e-11
45.65 2.25 5.506194458715363e-11
45.65 2.35 3.596155664919998e-11
45.65 2.45 2.1839069441753622e-10
45.65 2.55 2.0217368057462437e-10
45.65 2.65 2.636570128888849e-10
45.65 2.75 1.3316703295629395e-10
45.65 2.85 1.3467940651601396e-10
45.65 2.95 1.6903425881231726e-10
45.65 3.05 1.391924492333274e-10
45.65 3.15 5.429720006944194e-10
45.65 3.25 2.8536942253687414e-10
45.65 3.35 7.210759073172923e-11
45.65 3.45 1.2166269380831096e-10
45.65 3.55 1.347613548530191e-10
45.65 3.65 1.2902920398794038e-10
45.65 3.75 1.0914846804155331e-10
45.65 3.85 6.735085406051056e-11
45.65 3.95 8.549519425748997e-11
45.65 4.05 3.660937664129449e-10
45.65 4.15 2.7203586605573093e-10
45.65 4.25 4.906891559741666e-10
45.65 4.35 2.636895424235064e-10
45.65 4.45 2.5850596663268277e-10
45.65 4.55 2.357745665371169e-10
45.65 4.65 3.9110903404804276e-10
45.65 4.75 9.53641388079518e-10
45.65 4.85 1.5231801375747978e-09
45.65 4.95 9.031229653011508e-10
45.75 0.75 1.125871409990431e-10
45.75 0.85 1.489215833982982e-10
45.75 0.95 1.3618914329605047e-10
45.75 1.05 1.9213904078885236e-10
45.75 1.15 3.232721312862452e-10
45.75 1.25 4.377458118209887e-10
45.75 1.35 4.166337275179899e-10
45.75 1.45 1.8149877434314732e-10
45.75 1.55 1.5337460468334285e-10
45.75 1.65 1.116752176844038e-10
45.75 1.75 1.483728417905894e-10
45.75 1.85 4.212996271291125e-11
45.75 1.95 3.882133156607459e-11
45.75 2.05 2.0987572790787112e-11
45.75 2.15 6.956357712084582e-11
45.75 2.25 5.2564747693439884e-11
45.75 2.35 9.852890205108711e-12
45.75 2.45 2.279426820905872e-11
45.75 2.55 6.439844491001878e-11
45.75 2.65 8.946024476763625e-11
45.75 2.75 1.7157215925767133e-10
45.75 2.85 1.686976253134631e-10
45.75 2.95 9.945513163023278e-11
45.75 3.05 1.1875581629183785e-09
45.75 3.15 1.7281375219724282e-09
45.75 3.25 6.237600991276793e-10
45.75 3.35 2.658916420372748e-10
45.75 3.45 8.313248700542175e-11
45.75 3.55 2.1995562315968442e-10
45.75 3.65 7.125620926640153e-11
45.75 3.75 7.613150387886236e-11
45.75 3.85 1.2726407427887665e-10
45.75 3.95 1.968537971519524e-10
45.75 4.05 2.518268094053866e-10
45.75 4.15 3.277720594940803e-10
45.75 4.25 3.6298564154435553e-10
45.75 4.35 2.3253848846493952e-10
45.75 4.45 2.7979557559731916e-10
45.75 4.55 2.376847330065601e-10
45.75 4.65 4.778043516395769e-10
45.75 4.75 1.3824178468624382e-09
45.75 4.85 2.5551734061934894e-09
45.75 4.95 1.6068033570348916e-09
45.75 5.05 1.1225051999019797e-09
45.85 0.85 9.493014152539558e-10
45.85 0.95 1.6469917096806341e-10
45.85 1.05 1.5486435744893612e-10
45.85 1.15 4.212743487386206e-10
45.85 1.25 1.9160952824393007e-09
45.85 1.35 7.741453589282798e-10
45.85 1.45 3.3088212725296273e-10
45.85 1.55 1.6526756352330807e-10
45.85 1.65 5.699156077620948e-11
45.85 1.75 1.0799171973330246e-10
45.85 1.85 4.333548450641267e-11
45.85 1.95 1.5822272311782903e-11
45.85 2.05 3.12358056087092e-11
45.85 2.15 1.663738175006202e-10
45.85 2.25 1.942402662324927e-11
45.85 2.35 5.5690979605671487e-11
45.85 2.45 1.091832388389058e-10
45.85 2.55 1.0615394674395873e-10
45.85 2.65 1.0959779611630083e-10
45.85 2.75 1.640163005411921e-10
45.85 2.85 2.8100319293677956e-10
45.85 2.95 1.7741037805496518e-10
45.85 3.05 8.076659341327286e-10
45.85 3.15 1.0416781881517068e-09
45.85 3.25 4.810494225182538e-10
45.85 3.35 4.566528821747795e-10
45.85 3.45 2.9022656500288235e-10
45.85 3.55 4.946201226374569e-10
45.85 3.65 3.4465807985384345e-10
45.85 3.75 3.2962069185238363e-10
45.85 3.85 3.22070564662269e-10
45.85 3.95 2.154904032991567e-10
45.85 4.05 3.1486374618694413e-10
45.85 4.15 3.5085481742136437e-10
45.85 4.25 1.2976830721100896e-10
45.85 4.35 1.3200557313908234e-10
45.85 4.45 3.5808203624476675e-10
45.85 4.55 2.7861135620810273e-10
45.85 4.65 6.964235854667322e-10
45.85 4.75 1.1388374687726355e-09
45.85 4.85 1.4935264136539672e-09
45.95 0.95 1.0887470786036246e-10
45.95 1.05 1.6543119651935e-10
45.95 1.15 2.3609833532667324e-10
45.95 1.25 3.0034288944769116e-10
45.95 1.35 4.711747658703302e-10
45.95 1.45 1.8540657897858637e-10
45.95 1.55 1.4270438997154855e-10
45.95 1.65 1.1279922135232212e-10
45.95 1.75 1.8008219915266466e-10
45.95 1.85 7.908140114976092e-11
45.95 1.95 8.359974518201696e-11
45.95 2.05 7.53723680690932e-11
45.95 2.15 3.193397213330229e-10
45.95 2.25 1.3336952375819777e-10
45.95 2.35 6.702917387801932e-11
45.95 2.45 3.218293687101692e-11
45.95 2.55 5.4189389087078155e-11
45.95 2.65 5.612795297982309e-11
45.95 2.75 9.344750667716895e-11
45.95 2.85 1.5029302802282984e-10
45.95 2.95 2.378338637143429e-10
45.95 3.05 4.577629941771022e-10
45.95 3.15 5.095378008412865e-10
45.95 3.25 2.054092729242285e-10
45.95 3.35 2.0428597702348839e-10
45.95 3.45 2.3120631797990399e-10
45.95 3.55 1.236132585180627e-10
45.95 3.65 3.578925697467206e-11
45.95 3.75 6.449182854417757e-11
45.95 3.85 1.0403814615367324e-10
45.95 3.95 2.1927447357850127e-10
45.95 4.05 1.4012896398796215e-10
45.95 4.15 1.2671144689058167e-10
45.95 4.25 1.7820235564958153e-10
45.95 4.35 2.6394963992260045e-10
45.95 4.45 1.580419545232914e-10
45.95 4.55 2.492648587537616e-10
45.95 4.65 7.805813218020319e-10
45.95 4.75 1.7660294338028848e-09
46.05 0.85 1.188122655815249e-10
46.05 0.95 1.1342745492859407e-10
46.05 1.05 8.294916142848052e-11
46.05 1.15 1.688416628731204e-10
46.05 1.25 1.222966033997963e-10
46.05 1.35 2.721785574699709e-10
46.05 1.45 9.812566731381978e-11
46.05 1.55 7.597822371252505e-11
46.05 1.65 1.0528747318439002e-10
46.05 1.75 5.139407996401779e-11
46.05 1.85 7.751086578133837e-11
46.05 1.95 3.0792760702391675e-11
46.05 2.05 1.1536176180992896e-10
46.05 2.15 1.1292103363480521e-10
46.05 2.25 6.918714212655885e-11
46.05 2.35 4.373950854286157e-11
46.05 2.45 8.815083385460554e-11
46.05 2.55 5.711169731581478e-11
46.05 2.65 4.615443097155669e-11
46.05 2.75 8.073884616432991e-11
46.05 2.85 1.0828097446458074e-10
46.05 2.95 1.2242742930546058e-10
46.05 3.05 1.3939749354818787e-10
46.05 3.15 4.440763867741282e-10
46.05 3.25 1.985602654519525e-10
46.05 3.35 2.1377999370741918e-10
46.05 3.45 3.261533820797524e-10
46.05 3.55 7.218977499112711e-11
46.05 3.65 1.2591365450287384e-10
46.05 3.75 4.322878860429924e-11
46.05 3.85 6.178087208486005e-11
46.05 3.95 3.0333155431883085e-10
46.05 4.05 6.713439248962061e-10
46.05 4.15 1.0883610679357503e-10
46.05 4.25 1.5794576757599543e-10
46.05 4.35 2.415082300810667e-10
46.05 4.45 1.717756353825095e-10
46.05 4.55 1.1378618880453217e-10
46.05 4.65 3.3225172613171594e-10
46.15 0.85 6.53455692334326e-11
46.15 0.95 2.117920838706766e-10
46.15 1.05 3.4879846233515366e-10
46.15 1.15 1.298626622903143e-10
46.15 1.25 1.4300598205618797e-10
46.15 1.35 2.981695723658362e-10
46.15 1.45 5.7508553474860946e-11
46.15 1.55 1.2304021690390243e-10
46.15 1.65 1.6087042808976548e-10
46.15 1.75 7.792032991060793e-11
46.15 1.85 4.990333146714931e-10
46.15 1.95 1.1631293844738266e-10
46.15 2.05 6.339922337117443e-11
46.15 2.15 7.714467953334747e-11
46.15 2.25 8.541006790707684e-11
46.15 2.35 4.425112706818446e-11
46.15 2.45 1.1851321313205432e-10
46.15 2.55 5.4928665782494335e-11
46.15 2.65 1.1235078839488821e-10
46.15 2.75 9.542308609944428e-11
46.15 2.85 2.4797863762415773e-10
46.15 2.95 1.1696781043735172e-10
46.15 3.05 1.3570353174507943e-10
46.15 3.15 3.775828816277027e-10
46.15 3.25 2.1747063871924155e-10
46.15 3.35 3.1401012345888546e-10
46.15 3.45 8.845315035976853e-10
46.15 3.55 8.929968570159375e-11
46.15 3.65 8.289323394361503e-11
46.15 3.75 5.4614184702428403e-11
46.15 3.85 7.899502579844508e-11
46.15 3.95 7.985771072194225e-11
46.15 4.05 9.980666293429863e-11
46.15 4.15 1.738278826435291e-10
46.15 4.25 1.9133164497198152e-10
46.15 4.35 1.808279914694566e-10
46.15 4.45 1.4689553740065975e-10
46.15 4.55 1.2205428334688406e-10
46.15 4.65 2.9396785006241544e-10
46.15 4.75 7.024729686833098e-10
46.25 0.95 1.7469072022269216e-10
46.25 1.05 2.284563510590587e-10
46.25 1.15 2.006707994217649e-10
46.25 1.25 8.87171031083156e-11
46.25 1.35 2.092148537746752e-10
46.25 1.45 2.95403423944407e-10
46.25 1.55 9.119741073426724e-11
46.25 1.65 1.1583497355749373e-10
46.25 1.75 1.482676897923696e-10
46.25 1.85 9.048020666035939e-11
46.25 1.95 1.3237763663020985e-10
46.25 2.05 7.461928297480824e-11
46.25 2.15 2.639916930891051e-11
46.25 2.25 3.902249010034886e-11
46.25 2.35 4.953487620085184e-11
46.25 2.45 5.607467615242889e-11
46.25 2.55 6.324397255896841e-11
46.25 2.65 2.031048246253775e-10
46.25 2.75 2.457066772265648e-10
46.25 2.85 7.72852060126894e-11
46.25 2.95 3.749937860231256e-11
46.25 3.05 2.0367919850716731e-10
46.25 3.15 1.043169023384749e-10
46.25 3.25 1.6510783018564013e-10
46.25 3.35 8.228677461641354e-11
46.25 3.45 3.3442051905474557e-10
46.25 3.55 1.777707703265463e-10
46.25 3.65 2.0545268264449135e-10
46.25 3.75 1.3533138498722508e-10
46.25 3.85 6.098414828681342e-11
46.25 3.95 4.088314756178768e-11
