Lat Lon emi_CO[kg/m2/s]
43.85 11.85 3.0935525408698483e-12
43.85 11.95 1.2534027982180618e-10
43.85 12.05 6.817985065410426e-11
43.85 12.15 2.4201040477178637e-11
43.85 12.25 1.8844374671811437e-10
43.85 12.65 2.6667232311261557e-10
43.95 11.75 3.7633767629996484e-11
43.95 11.85 4.1827052238430085e-11
43.95 11.95 1.0314914894449245e-10
43.95 12.05 1.8550019159624398e-11
43.95 12.15 1.7364400195507557e-10
43.95 12.25 1.4091136590899112e-10
43.95 12.35 1.6365583888067192e-10
43.95 12.55 3.9397252127315596e-10
43.95 12.65 7.757336994984598e-10
44.05 11.75 5.483684686891088e-11
44.05 11.85 8.839065590571238e-11
44.05 11.95 1.5738112202345889e-10
44.05 12.05 9.930362782073487e-11
44.05 12.15 2.397131382281259e-10
44.05 12.25 1.6807240321714545e-10
44.05 12.35 3.571666296053877e-10
44.05 12.45 5.997833341098158e-10
44.05 12.55 5.620804932604528e-10
44.15 10.55 3.609598037135342e-11
44.15 10.75 5.349391068998344e-11
44.15 10.85 6.091616794323684e-11
44.15 10.95 1.581266922956459e-10
44.15 11.05 8.846996746303404e-11
44.15 11.15 1.1772334496118475e-10
44.15 11.65 4.6955373617096896e-11
44.15 11.75 1.1917428155427956e-10
44.15 11.85 1.0282929369109794e-10
44.15 11.95 2.2175003500102264e-10
44.15 12.05 3.7423469878561377e-10
44.15 12.15 4.4804010501664493e-10
44.15 12.25 7.656723588489456e-10
44.15 12.35 6.725373591365269e-10
44.15 12.45 3.2313424158658677e-10
44.25 10.45 4.237709141929891e-11
44.25 10.55 7.576320126823077e-11
44.25 10.65 1.1185998655127705e-10
44.25 10.75 1.997266935171993e-10
44.25 10.85 8.781538690660895e-11
44.25 10.95 1.397502391586869e-10
44.25 11.05 1.2039734487157006e-10
44.25 11.15 1.5382176088429844e-10
44.25 11.25 1.529427695601271e-10
44.25 11.35 2.0463022942784903e-10
44.25 11.45 7.484662889467586e-11
44.25 11.55 1.713067881992103e-10
44.25 11.65 1.5613539627867823e-10
44.25 11.75 2.823154487963109e-10
44.25 11.85 2.388319264579053e-10
44.25 11.95 2.9417598912395704e-10
44.25 12.05 6.640736849305995e-10
44.25 12.15 3.858871833184452e-10
44.25 12.25 3.3919092534695494e-10
44.25 12.35 2.651013852883466e-10
44.35 10.15 4.797284097746157e-11
44.35 10.25 4.250471849487347e-11
44.35 10.35 7.183786204789655e-11
44.35 10.45 8.63762880665142e-11
44.35 10.55 1.0471815775625615e-10
44.35 10.65 1.4588998065168113e-10
44.35 10.75 1.8398088608151397e-10
44.35 10.85 2.814871946643649e-10
44.35 10.95 1.4919025737025748e-10
44.35 11.05 1.2824030726221736e-10
44.35 11.15 1.1790700360503337e-10
44.35 11.25 2.7885949105410646e-10
44.35 11.35 2.0611883033705425e-10
44.35 11.45 1.1047119469198563e-10
44.35 11.55 1.2503328927770951e-10
44.35 11.65 4.480420201513624e-10
44.35 11.75 3.204443099757981e-10
44.35 11.85 4.392265162689313e-10
44.35 11.95 3.452289842886813e-10
44.35 12.05 2.802168774795888e-10
44.35 12.15 2.9537722268102584e-10
44.35 12.25 2.8885993597072e-10
44.45 9.45 2.5425940866630192e-11
44.45 9.55 1.41588815325e-11
44.45 9.65 7.123791140317692e-11
44.45 9.75 7.882329511321728e-11
44.45 10.05 5.621763124463719e-11
44.45 10.15 5.4374990621219865e-11
44.45 10.25 7.079747899041422e-11
44.45 10.35 1.7340374969254668e-10
44.45 10.45 1.85971002486518e-10
44.45 10.55 1.1714156034070555e-10
44.45 10.65 2.254568476356411e-10
44.45 10.75 2.3629528889124174e-10
44.45 10.85 1.7287850317959652e-10
44.45 10.95 3.1323901805713206e-10
44.45 11.05 3.2666561122773885e-10
44.45 11.15 3.2207897460168056e-10
44.45 11.25 3.721478680773771e-10
44.45 11.35 4.903532024869151e-10
44.45 11.45 4.1589309773826244e-10
44.45 11.55 3.194929876215724e-10
44.45 11.65 3.358077149684391e-10
44.45 11.75 2.4323507097356867e-10
44.45 11.85 2.600423765208859e-10
44.45 11.95 3.6456568319742644e-10
44.45 12.05 4.0857495164914326e-10
44.45 12.15 2.8118660178044763e-10
44.45 12.25 1.0317594556497056e-09
44.55 9.55 3.157333075543001e-11
44.55 9.65 1.0585742699076306e-10
44.55 9.75 4.748201484772174e-11
44.55 9.85 4.2539249900386267e-11
44.55 9.95 1.3255570252557192e-10
44.55 10.05 5.1590308414173336e-11
44.55 10.15 8.855029209886567e-11
44.55 10.25 1.1571730379467127e-10
44.55 10.35 1.156260850954105e-10
44.55 10.45 1.273467581386356e-10
44.55 10.55 1.3105319607298327e-10
44.55 10.65 1.9393051053917532e-10
44.55 10.75 5.740825592681631e-10
44.55 10.85 5.98384675143393e-10
44.55 10.95 6.37917829671153e-10
44.55 11.05 6.238212169051849e-10
44.55 11.15 4.569722100722373e-10
44.55 11.25 5.553220105980472e-10
44.55 11.35 6.865020218960183e-10
44.55 11.45 5.509701028749703e-10
44.55 11.55 2.7543320402223515e-10
44.55 11.65 1.5975241962618014e-10
44.55 11.75 1.1075201866717066e-10
44.55 11.85 3.6198830044575914e-10
44.55 11.95 1.8637476284499854e-10
44.55 12.05 2.4262339359815144e-10
44.55 12.15 1.4880406629114162e-10
44.55 12.25 8.151058300542857e-11
44.65 9.25 9.30857647907235e-12
44.65 9.35 4.829998206945518e-11
44.65 9.45 4.680572943116523e-11
44.65 9.55 2.4324074004988816e-11
44.65 9.65 4.5374915630391754e-11
44.65 9.75 8.263900674876368e-11
44.65 9.85 5.8081317533265064e-11
44.65 9.95 8.780097482397053e-11
44.65 10.05 2.5169868966834485e-10
44.65 10.15 1.582927400267664e-10
44.65 10.25 2.649236663376797e-10
44.65 10.35 2.673193610913671e-10
44.65 10.45 3.8808478652896383e-10
44.65 10.55 5.918804335536265e-10
44.65 10.65 6.240474803576035e-10
44.65 10.75 6.304829991421457e-10
44.65 10.85 5.012156800709988e-10
44.65 10.95 6.953103648399406e-10
44.65 11.05 3.674752446780616e-10
44.65 11.15 2.5127330771645973e-10
44.65 11.25 3.473067389236917e-10
44.65 11.35 3.9986941535730125e-10
44.65 11.45 5.318902540629722e-10
44.65 11.55 2.797993781111785e-10
44.65 11.65 3.1877223083398576e-10
44.65 11.75 1.944153171784535e-10
44.65 11.85 1.8302419302340667e-10
44.65 11.95 7.357399411933585e-11
44.65 12.05 6.493182380662432e-11
44.65 12.15 7.239589483454267e-11
44.65 12.25 1.274765709657899e-10
44.75 9.25 5.1195270245329993e-11
44.75 9.35 1.1117018416939572e-10
44.75 9.45 3.4208712251793116e-11
44.75 9.55 6.955337000791317e-11
44.75 9.65 4.491817334750792e-11
44.75 9.75 5.529467508869068e-11
44.75 9.85 7.419880682091318e-11
44.75 9.95 9.466632339139025e-11
44.75 10.05 1.9574430965008105e-10
44.75 10.15 4.2131778621445903e-10
44.75 10.25 4.461245817211079e-10
44.75 10.35 4.4757836326070333e-10
44.75 10.45 4.214080751019367e-10
44.75 10.55 5.120959212234766e-10
44.75 10.65 6.145418618430654e-10
44.75 10.75 5.466777031060133e-10
44.75 10.85 4.4457748593629276e-10
44.75 10.95 3.6378788870194967e-10
44.75 11.05 6.053910706071974e-10
44.75 11.15 2.654807762514366e-10
44.75 11.25 4.666757535964905e-10
44.75 11.35 3.7061306801255967e-10
44.75 11.45 2.7188740148176294e-10
44.75 11.55 3.6493985611230073e-10
44.75 11.65 2.98299634993171e-10
44.75 11.75 3.2749458700465084e-10
44.75 11.85 2.2614006500720762e-10
44.75 11.95 2.9554575453616394e-10
44.75 12.05 1.7211629343982793e-10
44.75 12.15 2.7820734604944164e-10
44.75 12.25 1.8303565607613592e-10
44.85 9.05 1.0796371435750629e-10
44.85 9.15 1.247313502483749e-10
44.85 9.25 9.979429782536187e-11
44.85 9.35 4.8142923675387195e-11
44.85 9.45 5.571245201285713e-11
44.85 9.55 1.1636454300134602e-10
44.85 9.65 1.9344964519163454e-10
44.85 9.75 1.1722058046448325e-10
44.85 9.85 2.764276030298163e-10
44.85 9.95 3.0452870780628416e-10
44.85 10.05 3.0378388693463876e-10
44.85 10.15 4.204244175021188e-10
44.85 10.25 4.942253828410514e-10
44.85 10.35 5.090123322837314e-10
44.85 10.45 3.352738642270481e-10
44.85 10.55 2.2730650695024224e-10
44.85 10.65 2.855627678766126e-10
44.85 10.75 3.2502003866063944e-10
44.85 10.85 4.115001672744256e-10
44.85 10.95 3.487072852692563e-10
44.85 11.05 4.4808351473690777e-10
44.85 11.15 2.4673840748334896e-10
44.85 11.25 2.6958421606160243e-10
44.85 11.35 2.791613051833508e-10
44.85 11.45 2.8092986270600306e-10
44.85 11.55 4.716259049963867e-10
44.85 11.65 1.0577552167490012e-09
44.85 11.75 3.1697125479901445e-10
44.85 11.85 3.263716519263937e-10
44.85 11.95 2.2190745074812668e-10
44.85 12.05 1.6784529321967057e-10
44.85 12.15 2.068555882139833e-10
44.85 12.25 2.019453493318224e-10
44.85 12.35 1.2040740626773072e-10
44.85 12.45 2.3419124278722947e-11
44.95 9.05 3.090177558284779e-10
44.95 9.15 1.368253288447363e-10
44.95 9.25 2.0157758795491532e-10
44.95 9.35 1.7732512680446177e-10
44.95 9.45 1.5159827559951822e-10
44.95 9.55 2.4315530144924935e-10
44.95 9.65 3.6630712352270223e-10
44.95 9.75 3.081607191646185e-10
44.95 9.85 3.1137284417503963e-10
44.95 9.95 3.33308880495764e-10
44.95 10.05 2.6003837971799726e-10
44.95 10.15 1.7443589628296507e-10
44.95 10.25 3.922622227037209e-10
44.95 10.35 2.1999735366762252e-10
44.95 10.45 4.541360620891055e-10
44.95 10.55 3.961161398891022e-10
44.95 10.65 4.814229015437377e-10
44.95 10.75 3.8625405651693256e-10
44.95 10.85 3.7375033623554543e-10
44.95 10.95 2.9252208988417294e-10
44.95 11.05 3.124643044305486e-10
44.95 11.15 1.7736788426869765e-10
44.95 11.25 3.7411818087917936e-10
44.95 11.35 2.078907601621438e-10
44.95 11.45 1.98102270698719e-10
44.95 11.55 3.035857676358944e-10
44.95 11.65 2.7749291753309535e-10
44.95 11.75 2.677538746276298e-10
44.95 11.85 2.1930339488829276e-10
44.95 11.95 1.923680520432569e-10
44.95 12.05 2.072192695212749e-10
44.95 12.15 1.710284830425124e-10
44.95 12.25 1.5530464414492684e-10
44.95 12.35 1.242588698602276e-09
44.95 12.45 8.793617223279426e-11
45.05 8.65 2.3754379019358396e-10
45.05 8.75 2.0666762745591427e-10
45.05 8.95 3.741308374216601e-10
45.05 9.05 3.5779007534486595e-10
45.05 9.15 4.169049550029058e-10
45.05 9.25 4.475122772351625e-10
45.05 9.35 3.5413452725840955e-10
45.05 9.45 5.650224177422558e-10
45.05 9.55 3.6338557163340113e-10
45.05 9.65 6.478479974703077e-10
45.05 9.75 5.156971516484532e-10
45.05 9.85 2.6256244400890694e-10
45.05 9.95 3.1489183482946714e-10
45.05 10.05 1.4912052148652322e-10
45.05 10.15 2.2854501624536283e-10
45.05 10.25 2.3126615900093128e-10
45.05 10.35 3.3298161450368013e-10
45.05 10.45 2.8096042159475587e-10
45.05 10.55 2.8252356010227686e-10
45.05 10.65 2.0572731018742019e-10
45.05 10.75 2.8932364837253033e-10
45.05 10.85 3.0661073679993933e-10
45.05 10.95 4.194133929047439e-10
45.05 11.05 2.3179907993053916e-10
45.05 11.15 6.708015254375255e-10
45.05 11.25 2.9690880309907186e-10
45.05 11.35 1.6114214129725468e-10
45.05 11.45 2.655693165376505e-10
45.05 11.55 2.0218610119471236e-10
45.05 11.65 3.527819147919331e-10
45.05 11.75 5.408394287975682e-10
45.05 11.85 4.0772429876767546e-10
45.05 11.95 1.8689336189758876e-10
45.05 12.05 3.083281685523076e-10
45.05 12.15 6.384096584710619e-10
45.05 12.25 2.7723129347734243e-10
45.05 12.35 3.869307652060172e-11
45.15 8.65 2.4435070633543887e-10
45.15 8.75 2.2788125553230287e-10
45.15 8.85 3.6868122443856066e-10
45.15 8.95 4.1807873829569075e-10
45.15 9.05 2.7818822245784247e-10
45.15 9.15 4.790910446139662e-10
45.15 9.25 3.574614215740013e-10
45.15 9.35 3.1748184636803956e-10
45.15 9.45 3.4916658453454374e-10
45.15 9.55 3.7532862928735256e-10
45.15 9.65 4.5758144495700037e-10
45.15 9.75 4.1444755960462487e-10
45.15 9.85 2.1927304416635707e-10
45.15 9.95 4.145113696729652e-10
45.15 10.05 8.467213041818411e-10
45.15 10.15 3.917326463209747e-10
45.15 10.25 2.024571621461746e-10
45.15 10.35 3.586398955590653e-10
45.15 10.45 3.352033650649844e-10
45.15 10.55 2.333475634941351e-10
45.15 10.65 3.498953071723321e-10
45.15 10.75 6.517209549805614e-10
45.15 10.85 6.860630952232327e-10
45.15 10.95 2.5736154873889916e-10
45.15 11.05 2.3886259636896057e-10
45.15 11.15 2.091411765992035e-10
45.15 11.25 2.0219169394319891e-10
45.15 11.35 3.817106075665322e-10
45.15 11.45 3.6018646398794374e-10
45.15 11.55 1.8864869388846017e-10
45.15 11.65 2.4823371136406536e-10
45.15 11.75 4.618884164031556e-10
45.15 11.85 2.033177792792884e-10
45.15 11.95 2.589056191659722e-10
45.25 8.55 1.9303103560019963e-10
45.25 8.65 2.334913651313997e-10
45.25 8.75 5.170190942038744e-10
45.25 8.85 3.4222807920869514e-10
45.25 8.95 1.9468414380607868e-10
45.25 9.05 5.192364316286557e-10
45.25 9.15 7.33406502195777e-10
45.25 9.25 4.974899381338105e-10
45.25 9.35 5.882245801558383e-10
45.25 9.45 6.350096559692986e-10
45.25 9.55 5.247626222448787e-10
45.25 9.65 3.5884853422096796e-10
45.25 9.75 2.928129405610491e-10
45.25 9.85 2.915484798027279e-10
45.25 9.95 2.970619306097433e-10
45.25 10.05 2.701329160359478e-10
45.25 10.15 3.846151175324053e-10
45.25 10.25 4.2930714538869097e-10
45.25 10.35 3.2940708494244575e-10
45.25 10.45 3.6289066196459885e-10
45.25 10.55 3.2349947720611283e-10
45.25 10.65 3.9188258194045034e-10
45.25 10.75 4.52967302555507e-10
45.25 10.85 3.19745174781616e-10
45.25 10.95 2.6903385075272013e-10
45.25 11.05 2.603027238201605e-10
45.25 11.15 3.627536881989357e-10
45.25 11.25 3.16180220893969e-10
45.25 11.35 3.659710590131482e-10
45.25 11.45 3.162764494746284e-10
45.25 11.55 4.043192725067257e-10
45.25 11.65 5.283544712852972e-10
45.25 11.75 6.327152690666082e-10
45.25 11.85 5.259939150903392e-10
45.25 11.95 3.9290623532473035e-10
45.25 12.05 6.169010857703938e-10
45.25 12.15 2.3888313549491613e-10
45.35 8.55 2.8391905493307945e-10
45.35 8.65 2.9652219568632177e-10
45.35 8.75 2.558757095094677e-10
45.35 8.85 4.753654692102316e-10
45.35 8.95 3.132884229817279e-10
45.35 9.05 5.458803964408787e-10
45.35 9.15 6.242339978257405e-10
45.35 9.25 4.832674815880011e-10
45.35 9.35 9.061915662300635e-10
45.35 9.45 5.961419136113477e-10
45.35 9.55 5.480845777228183e-10
45.35 9.65 6.383785722263724e-10
45.35 9.75 5.726195628774633e-10
45.35 9.85 2.3361598766591385e-10
45.35 9.95 3.366919520964018e-10
45.35 10.05 4.096274430764879e-10
45.35 10.15 5.847451967078143e-10
45.35 10.25 3.8666800317166405e-10
45.35 10.35 4.577613843537165e-10
45.35 10.45 5.734762109632641e-10
45.35 10.55 5.472525210770129e-10
45.35 10.65 4.3377834657576386e-10
45.35 10.75 3.769208278825431e-10
45.35 10.85 4.2958897550349207e-10
45.35 10.95 8.46306968949051e-10
45.35 11.05 5.918612822064517e-10
45.35 11.15 2.686417199804225e-10
45.35 11.25 4.867233283079031e-10
45.35 11.35 4.727343516641724e-10
45.35 11.45 3.1395697153158153e-10
45.35 11.55 3.353742006328986e-10
45.35 11.65 3.7351788328976454e-10
45.35 11.75 9.199376260760062e-10
45.35 11.85 1.1800185273358466e-09
45.35 11.95 9.718164051264466e-10
45.35 12.05 1.192407839134546e-09
45.35 12.15 1.4403614412294985e-10
45.45 8.45 4.136030129497925e-10
45.45 8.55 3.3843847169201524e-10
45.45 8.65 5.797746727154163e-10
45.45 8.75 6.329552992845322e-10
45.45 8.85 7.546798741486782e-10
45.45 8.95 6.670919927564967e-10
45.45 9.05 6.781432637659179e-10
45.45 9.15 1.0151878226949407e-09
45.45 9.25 7.718252148514182e-10
45.45 9.35 9.316358795530277e-10
45.45 9.45 3.93452603830724e-10
45.45 9.55 5.439484418445772e-10
45.45 9.65 5.781990441988683e-10
45.45 9.75 5.120715518280861e-10
45.45 9.85 2.778511865031419e-10
45.45 9.95 4.72584693600453e-10
45.45 10.05 5.524955493108052e-10
45.45 10.15 6.697314369752405e-10
45.45 10.25 6.274680774964736e-10
45.45 10.35 4.991546620480847e-10
45.45 10.45 7.475657870514851e-10
45.45 10.55 4.24742074844886e-10
45.45 10.65 4.6238521345109973e-10
45.45 10.75 6.72623567954389e-10
45.45 10.85 7.858304007513084e-10
45.45 10.95 7.94289800598591e-10
45.45 11.05 7.053164163828285e-10
45.45 11.15 6.123107576527786e-10
45.45 11.25 6.097634064339275e-10
45.45 11.35 5.549851134212247e-10
45.45 11.45 4.737874537141806e-10
45.45 11.55 3.0624494606890096e-10
45.45 11.65 5.089666466062681e-10
45.45 11.75 8.139464657830331e-10
45.45 11.85 1.0728754551436737e-09
45.45 11.95 1.0849284803882142e-09
45.45 12.05 1.0123912819182124e-09
45.45 12.15 1.04612640772217e-09
45.45 12.25 9.985896554098872e-10
45.45 12.45 1.5795754981784427e-10
45.55 8.45 3.804478121427479e-10
45.55 8.55 3.072844756424331e-10
45.55 8.65 3.1475008710479813e-10
45.55 8.75 1.2134229177007683e-09
45.55 8.85 7.622653064309759e-10
45.55 8.95 7.363472054322528e-10
45.55 9.05 8.618508684499204e-10
45.55 9.15 5.145542325557528e-10
45.55 9.25 7.76412822922623e-10
45.55 9.35 6.720261569448382e-10
45.55 9.45 8.318712385602112e-10
45.55 9.55 8.59367799144195e-10
45.55 9.65 8.189688927018324e-10
45.55 9.75 4.558489141714972e-10
45.55 9.85 8.625796743544356e-10
45.55 9.95 6.518541817435164e-10
45.55 10.05 9.62414148375501e-10
45.55 10.15 5.461379681825917e-10
45.55 10.25 1.1966532209584102e-09
45.55 10.35 8.174563248530831e-10
45.55 10.45 8.047371657937674e-10
45.55 10.55 6.114185824301899e-10
45.55 10.65 1.1913523986772923e-11
45.55 10.75 6.233291105495198e-10
45.55 10.85 7.266494628233033e-10
45.55 10.95 5.061345786927518e-10
45.55 11.05 3.915849033919727e-10
45.55 11.15 2.1418200546463595e-10
45.55 11.25 5.69892633084379e-10
45.55 11.35 6.310412747900784e-10
45.55 11.45 6.567176802363406e-10
45.55 11.55 1.0520784243794878e-09
45.55 11.65 7.118317602028412e-10
45.55 11.75 5.966053762129775e-10
45.55 11.85 9.048060634064825e-10
45.55 11.95 9.550309432171389e-10
45.55 12.05 9.931335753776693e-10
45.55 12.15 1.1113052700295611e-09
45.55 12.25 9.84526127290053e-10
45.55 12.35 6.363992111069194e-10
45.55 12.45 7.208739855046886e-11
45.55 12.55 9.101383535714547e-11
45.55 12.65 4.674239884039366e-10
45.55 12.75 1.0591672677806585e-10
45.65 8.35 4.460124491956208e-10
45.65 8.45 4.725376201442089e-10
45.65 8.55 4.039169554381772e-10
45.65 8.65 4.845308598788733e-10
45.65 8.75 7.35122795969545e-10
45.65 8.85 5.850991913192161e-10
45.65 8.95 5.504806610545643e-10
45.65 9.05 6.761250448406031e-10
45.65 9.15 3.783566793202908e-10
45.65 9.25 7.473837659865978e-10
45.65 9.35 1.065209143114032e-09
45.65 9.45 9.389484745270238e-10
45.65 9.55 7.153735936960004e-10
45.65 9.65 9.134504819208189e-10
45.65 9.75 7.515808531088908e-10
45.65 9.85 4.581487411670082e-10
45.65 9.95 8.90469309400288e-10
45.65 10.05 6.011133812933167e-10
45.65 10.15 3.8846045824492137e-10
45.65 10.25 2.391142839286431e-10
45.65 10.35 3.0734281786237716e-10
45.65 10.45 4.2977077452377443e-10
45.65 10.55 2.8875718482979096e-10
45.65 10.65 2.712046975883453e-10
45.65 10.75 1.401988386495745e-10
45.65 10.85 1.5634796235453052e-10
45.65 10.95 1.4289494587593765e-10
45.65 11.05 1.1241956671126374e-10
45.65 11.15 4.434112799156509e-11
45.65 11.25 4.2472422800976517e-10
45.65 11.35 6.724159562487841e-10
45.65 11.45 6.763268278753287e-10
45.65 11.55 8.960532316137915e-10
45.65 11.65 6.910643168822617e-10
45.65 11.75 1.0575107456389787e-09
45.65 11.85 1.0004004291630508e-09
45.65 11.95 7.837044346814537e-10
45.65 12.05 7.153552750160941e-10
45.65 12.15 8.674184148738107e-10
45.65 12.25 9.830755098860777e-10
45.65 12.35 6.85348333639979e-10
45.65 12.45 4.764045269389783e-10
45.65 12.55 7.46774586612986e-10
45.65 12.65 2.624627459812956e-10
45.65 12.75 2.4852356284021937e-10
45.65 12.85 1.5180676160575501e-10
45.65 12.95 5.5288374573025934e-11
45.65 13.05 2.334930304659366e-10
45.75 8.45 5.743340802943919e-10
45.75 8.55 6.277183772773753e-10
45.75 8.65 5.551855641883208e-10
45.75 8.75 7.755441844281563e-10
45.75 8.85 1.2003653626635469e-09
45.75 8.95 7.670872270715279e-10
45.75 9.05 9.68447988469734e-10
45.75 9.15 7.949205738100318e-10
45.75 9.25 1.0791807447674273e-09
45.75 9.35 9.698115643885785e-10
45.75 9.45 7.916752253755988e-10
45.75 9.55 4.14313527929977e-10
45.75 9.65 4.5329415221395664e-10
45.75 9.75 4.0851561022847704e-10
45.75 9.85 5.276793446640227e-10
45.75 9.95 2.818620614686296e-10
45.75 10.05 2.535064380637664e-10
45.75 10.15 2.018778755275008e-10
45.75 10.25 2.611304228405942e-10
45.75 10.35 1.8069469531756255e-10
45.75 10.45 1.423223205954116e-10
45.75 10.55 4.95498052310861e-11
45.75 10.65 2.248123562309523e-11
45.75 10.75 1.8546146562936627e-10
45.75 10.85 1.219499362603571e-10
45.75 11.25 2.5943241999115685e-10
45.75 11.35 4.818919707716418e-10
45.75 11.45 6.809519614847659e-10
45.75 11.55 6.690512033280527e-10
45.75 11.65 6.539786490122879e-10
45.75 11.75 1.0747630563301414e-09
45.75 11.85 8.721247057863479e-10
45.75 11.95 7.554878389548492e-10
45.75 12.05 6.307726008181191e-10
45.75 12.15 6.87269852139849e-10
45.75 12.25 8.636048542953745e-10
45.75 12.35 4.0373224208245517e-10
45.75 12.45 5.249963797027135e-10
45.75 12.55 4.3510123282075597e-10
45.75 12.65 3.90280474604765e-10
45.75 12.75 2.5674098957928493e-10
45.75 12.85 4.808187736848879e-10
45.75 12.95 2.456052305976897e-10
45.85 8.45 1.8863208217645422e-10
45.85 8.65 1.0846592513047426e-09
45.85 8.75 5.533524749523622e-10
45.85 8.85 6.017689679893579e-10
45.85 9.05 5.945892112002582e-10
45.85 9.15 4.1561376562526675e-10
45.85 9.25 6.427716692236629e-10
45.85 9.35 5.242015710393844e-10
45.85 9.45 3.067524290134571e-10
45.85 9.55 2.1893298285391438e-10
45.85 9.65 2.737507998062938e-10
45.85 9.75 1.4532917924636735e-10
45.85 9.85 3.7969646871083285e-10
45.85 9.95 1.354077960868949e-10
45.85 10.05 3.0765817671252194e-10
45.85 10.15 6.466039925712153e-10
45.85 10.25 1.8499821466400057e-11
45.85 10.35 5.997329022289222e-11
45.85 10.45 5.760138199750742e-11
45.85 11.25 2.2828032866795134e-11
45.85 11.35 1.9242742121949874e-10
45.85 11.45 1.6988363493730674e-10
45.85 11.55 2.2361677787241518e-10
45.85 11.65 1.8986111294250207e-10
45.85 11.75 3.385215163742572e-10
45.85 11.85 3.5963723665766167e-10
45.85 11.95 4.0320194405474297e-10
45.85 12.05 3.795086744862175e-10
45.85 12.15 4.35304792212321e-10
45.85 12.25 4.487785143503231e-10
45.85 12.35 8.132818307693412e-10
45.85 12.45 4.2733708238706924e-10
45.85 12.55 4.0164818693178006e-10
45.95 8.65 3.668146619784096e-10
45.95 8.75 3.777823331940766e-10
45.95 8.85 6.787499451377244e-10
45.95 9.05 2.3854659914057663e-10
45.95 9.15 1.6787418677388644e-10
45.95 9.25 2.092265805053728e-10
45.95 9.35 1.5904703942748455e-10
45.95 9.45 2.953451649911898e-10
45.95 9.55 1.5345958878643096e-11
45.95 9.65 1.1832257396093837e-10
45.95 9.75 3.0405834100522e-11
45.95 9.85 1.504917544747908e-11
45.95 9.95 1.4268304593390013e-10
45.95 10.05 1.1578261266409484e-10
45.95 10.15 1.401098820297264e-10
45.95 10.25 6.079042824680414e-10
45.95 10.35 1.775201791121006e-10
45.95 10.45 3.288156639330575e-12
45.95 11.45 5.597711877358691e-11
45.95 11.55 9.97623858522978e-12
45.95 11.65 9.55717796569111e-11
45.95 12.05 1.7202310409469845e-10
45.95 12.15 4.327107561152843e-10
45.95 12.25 4.706344758353964e-10
45.95 12.35 8.970289511189833e-10
45.95 12.45 6.823979714631889e-10
46.05 8.75 2.2512786079786906e-10
46.05 9.05 1.0210984835445913e-10
46.05 9.15 8.326001693648166e-11
46.05 9.25 3.1237396003191975e-10
46.05 9.35 1.5711064393908458e-10
46.05 9.45 4.983916404577293e-11
46.05 9.65 7.593588952081731e-12
46.05 9.75 3.53854896772976e-11
46.05 9.95 2.5906455800028816e-11
46.05 10.05 3.065767431587041e-11
46.05 10.15 3.336882159477028e-11
46.05 10.25 1.844082178625861e-11
46.05 10.35 3.199852327551156e-10
46.05 10.45 2.2326132262384668e-11
46.05 12.35 1.6557515081228047e-10
46.15 9.15 2.966945916380026e-12
46.15 9.25 6.842741651080786e-11
46.15 9.35 1.2650185066132025e-10
46.15 10.25 6.819123737900057e-11
46.15 10.35 2.1305326947107517e-10
46.15 10.45 6.576529143313692e-13
46.15 10.55 6.340270105806289e-13
46.25 10.35 6.095957072460578e-11
46.25 10.45 6.869146917942714e-11
46.25 10.55 6.84503981274176e-11
